0 4 0.816406 0.840625 0.367188 0.314583
0 0 0.339844 0.9 0.448438 0.191667
0 6 0.73125 0.31875 0.53125 0.6375
0 0 0.277344 0.321875 0.310937 0.44375
0 0 0.339063 0.897917 0.4625 0.195833
0 4 0.817969 0.842708 0.364062 0.30625
0 0 0.277344 0.321875 0.310937 0.44375
0 6 0.730469 0.319792 0.535937 0.639583
0 4 0.797656 0.659375 0.404687 0.597917
0 6 0.71875 0.233333 0.50625 0.466667
0 0 0.271875 0.326042 0.309375 0.41875
0 0 0.339063 0.746875 0.35625 0.489583
0 4 0.796875 0.659375 0.40625 0.602083
0 6 0.717188 0.234375 0.509375 0.46875
0 0 0.339844 0.745833 0.360938 0.491667
1 4 0.796094 0.659375 0.407813 0.60625
1 6 0.717969 0.2375 0.514063 0.475
1 0 0.257812 0.319792 0.3125 0.41875
1 0 0.339063 0.75 0.353125 0.4875
2 4 0.794531 0.657292 0.410937 0.610417
2 6 0.717188 0.232292 0.5125 0.464583
2 0 0.339063 0.746875 0.359375 0.49375
3 4 0.796875 0.658333 0.40625 0.604167
3 6 0.720312 0.238542 0.509375 0.477083
3 0 0.339063 0.752083 0.35625 0.4875
4 4 0.797656 0.659375 0.404687 0.602083
4 6 0.71875 0.235417 0.503125 0.470833
4 0 0.339063 0.751042 0.35625 0.485417
5 4 0.798437 0.660417 0.403125 0.604167
5 6 0.717188 0.235417 0.503125 0.470833
5 9 0.352344 0.820833 0.370313 0.358333
5 0 0.36875 0.388542 0.3125 0.435417
6 4 0.798437 0.6625 0.403125 0.604167
6 9 0.351562 0.820833 0.371875 0.354167
6 6 0.715625 0.236458 0.503125 0.472917
6 0 0.36875 0.388542 0.3125 0.435417
0 4 0.798437 0.653125 0.403125 0.622917
0 6 0.717188 0.235417 0.496875 0.470833
0 0 0.367188 0.390625 0.315625 0.439583
1 4 0.799219 0.663542 0.401563 0.61875
1 6 0.716406 0.241667 0.507812 0.483333
1 0 0.365625 0.389583 0.309375 0.416667
1 0 0.357031 0.785417 0.385938 0.425
2 4 0.794531 0.672917 0.410937 0.620833
2 6 0.714844 0.241667 0.504687 0.483333
2 0 0.367969 0.402083 0.314063 0.4375
3 4 0.799219 0.6625 0.401563 0.616667
3 6 0.716406 0.242708 0.504687 0.485417
3 0 0.367969 0.397917 0.310937 0.4375
3 9 0.379687 0.825 0.39375 0.341667
4 4 0.803906 0.661458 0.389062 0.627083
4 6 0.715625 0.240625 0.50625 0.48125
4 0 0.367188 0.396875 0.309375 0.435417
4 9 0.380469 0.823958 0.392188 0.34375
5 4 0.8 0.663542 0.4 0.614583
5 6 0.714844 0.239583 0.501562 0.479167
5 0 0.367969 0.398958 0.310937 0.439583
5 9 0.379687 0.825 0.390625 0.341667
0 0 0.250781 0.148958 0.373437 0.29375
0 4 0.564062 0.664583 0.459375 0.6125
0 6 0.736719 0.217708 0.517187 0.43125
0 0 0.334375 0.934375 0.41875 0.127083
0 6 0.778125 0.875 0.44375 0.25
0 4 0.65625 0.897917 0.490625 0.204167
0 0 0.360938 0.486458 0.334375 0.427083
0 6 0.783594 0.488542 0.432813 0.764583
0 0 0.284375 0.271875 0.35 0.414583
0 4 0.555469 0.641667 0.414062 0.5875
0 6 0.774219 0.273958 0.448438 0.547917
1 4 0.2875 0.273958 0.353125 0.402083
1 0 0.285156 0.269792 0.351562 0.414583
1 0 0.896094 0.7125 0.207813 0.575
1 4 0.550781 0.640625 0.404687 0.585417
1 6 0.771875 0.277083 0.434375 0.554167
0 4 0.291406 0.279167 0.382812 0.508333
0 6 0.750781 0.255208 0.498437 0.502083
0 0 0.828906 0.719792 0.342187 0.552083
0 0 0.350781 0.770833 0.382812 0.458333
1 0 0.833594 0.836458 0.332812 0.322917
1 6 0.755469 0.390625 0.489062 0.65625
1 4 0.308594 0.489583 0.385938 0.508333
2 0 0.345313 0.865625 0.4125 0.26875
2 4 0.352344 0.8625 0.420312 0.275
2 0 0.827344 0.820833 0.345313 0.354167
2 4 0.289844 0.455208 0.392188 0.527083
2 6 0.747656 0.361458 0.504687 0.677083
3 0 0.335156 0.788542 0.382812 0.422917
3 6 0.746875 0.2625 0.5 0.520833
3 4 0.282813 0.298958 0.390625 0.522917
3 0 0.827344 0.734375 0.345313 0.51875
0 0 0.339844 0.788542 0.395312 0.422917
0 6 0.746875 0.270833 0.496875 0.541667
0 4 0.284375 0.3 0.39375 0.529167
1 0 0.335938 0.790625 0.384375 0.41875
1 6 0.746875 0.270833 0.496875 0.541667
1 4 0.286719 0.3 0.395312 0.525
1 0 0.846094 0.75625 0.307813 0.4875
2 0 0.339063 0.789583 0.390625 0.420833
2 6 0.747656 0.273958 0.498437 0.539583
2 4 0.284375 0.301042 0.3875 0.527083
3 9 0.828906 0.829167 0.342187 0.333333
3 6 0.747656 0.267708 0.495313 0.535417
3 0 0.336719 0.789583 0.385938 0.420833
3 4 0.286719 0.302083 0.395312 0.525
4 0 0.273438 0.808333 0.4 0.383333
4 0 0.828906 0.836458 0.342187 0.31875
4 0 0.759375 0.258333 0.359375 0.491667
4 0 0.296094 0.30625 0.367188 0.475
0 0 0.276563 0.808333 0.396875 0.383333
0 4 0.307813 0.319792 0.359375 0.527083
0 0 0.828906 0.8375 0.342187 0.320833
0 6 0.755469 0.301042 0.489062 0.602083
0 0 0.275781 0.807292 0.404687 0.385417
0 4 0.309375 0.319792 0.353125 0.53125
0 6 0.755469 0.3 0.489062 0.6
1 0 0.814844 0.79375 0.370313 0.4125
1 0 0.270312 0.808333 0.3875 0.383333
1 4 0.311719 0.321875 0.354688 0.53125
1 6 0.754687 0.297917 0.490625 0.595833
2 0 0.271094 0.808333 0.392188 0.383333
2 4 0.307813 0.320833 0.35625 0.529167
2 6 0.753906 0.298958 0.492188 0.597917
3 0 0.271094 0.807292 0.398438 0.385417
3 4 0.307031 0.323958 0.351562 0.53125
3 9 0.814062 0.8 0.371875 0.4
3 6 0.754687 0.291667 0.490625 0.583333
4 0 0.271094 0.810417 0.395312 0.375
4 0 0.839844 0.786458 0.320312 0.427083
4 0 0.776563 0.313542 0.33125 0.460417
4 0 0.330469 0.389583 0.370313 0.4625
0 0 0.271094 0.808333 0.401563 0.383333
0 4 0.303906 0.320833 0.354688 0.529167
0 6 0.728125 0.336458 0.54375 0.672917
1 0 0.786719 0.854167 0.426562 0.2875
1 0 0.265625 0.811458 0.390625 0.377083
1 4 0.304688 0.326042 0.35 0.53125
1 6 0.728125 0.334375 0.54375 0.66875
2 0 0.269531 0.808333 0.404687 0.383333
2 4 0.304688 0.319792 0.353125 0.535417
2 6 0.728125 0.333333 0.54375 0.666667
0 0 0.269531 0.809375 0.398438 0.38125
0 4 0.304688 0.320833 0.35 0.533333
0 6 0.727344 0.332292 0.545313 0.664583
1 0 0.78125 0.879167 0.4375 0.2375
1 0 0.269531 0.809375 0.398438 0.38125
1 4 0.304688 0.322917 0.35 0.533333
1 6 0.727344 0.332292 0.545313 0.664583
2 0 0.26875 0.808333 0.403125 0.383333
2 4 0.303906 0.321875 0.354688 0.53125
2 6 0.728125 0.333333 0.54375 0.666667
3 0 0.269531 0.809375 0.398438 0.38125
3 4 0.305469 0.321875 0.351562 0.535417
3 9 0.846094 0.901042 0.304688 0.197917
3 6 0.727344 0.334375 0.545313 0.66875
4 0 0.821094 0.841667 0.357812 0.308333
4 0 0.271094 0.819792 0.401563 0.352083
4 0 0.28125 0.413542 0.35 0.489583
4 0 0.7125 0.357292 0.353125 0.514583
0 4 0.269531 0.376042 0.417188 0.547917
0 0 0.270312 0.821875 0.4 0.352083
0 6 0.766406 0.332292 0.467187 0.664583
1 0 0.269531 0.821875 0.404687 0.352083
1 0 0.829687 0.889583 0.340625 0.220833
1 4 0.267969 0.383333 0.385938 0.533333
1 6 0.765625 0.335417 0.46875 0.670833
2 4 0.271094 0.378125 0.392188 0.539583
2 0 0.269531 0.821875 0.401563 0.352083
2 6 0.766406 0.3375 0.467187 0.675
3 2 0.749219 0.28125 0.335938 0.454167
3 0 0.745313 0.28125 0.340625 0.445833
3 0 0.869531 0.854167 0.260938 0.291667
3 0 0.276563 0.821875 0.415625 0.347917
3 0 0.292969 0.411458 0.367188 0.485417
4 0 0.247656 0.829167 0.407813 0.333333
4 0 0.769531 0.823958 0.454688 0.347917
4 0 0.710156 0.353125 0.348437 0.472917
4 0 0.291406 0.410417 0.370313 0.4875
5 0 0.247656 0.83125 0.407813 0.333333
5 0 0.796875 0.840625 0.40625 0.30625
5 0 0.701563 0.269792 0.31875 0.435417
5 0 0.292188 0.409375 0.36875 0.485417
0 0 0.346875 0.821875 0.396875 0.352083
0 4 0.346094 0.420833 0.348437 0.504167
0 6 0.744531 0.321875 0.507812 0.639583
1 0 0.792969 0.870833 0.410937 0.254167
1 0 0.346875 0.822917 0.390625 0.35
1 4 0.346094 0.420833 0.351562 0.504167
1 6 0.744531 0.325 0.510938 0.65
2 0 0.346094 0.822917 0.392188 0.35
2 4 0.346875 0.420833 0.35625 0.504167
2 6 0.744531 0.323958 0.510938 0.647917
3 8 0.844531 0.889583 0.310937 0.216667
3 9 0.842969 0.8875 0.314063 0.225
3 0 0.345313 0.822917 0.3875 0.35
3 4 0.346875 0.419792 0.353125 0.50625
3 6 0.745313 0.323958 0.509375 0.647917
4 0 0.345313 0.822917 0.3875 0.35
4 4 0.346094 0.41875 0.354688 0.508333
4 8 0.79375 0.822917 0.40625 0.345833
4 6 0.744531 0.327083 0.510938 0.654167
5 0 0.855469 0.889583 0.289062 0.220833
5 8 0.2875 0.866667 0.421875 0.258333
5 4 0.346875 0.417708 0.35625 0.502083
5 6 0.745313 0.322917 0.509375 0.645833
6 0 0.342187 0.848958 0.40625 0.297917
6 8 0.820312 0.857292 0.35625 0.277083
6 4 0.346094 0.417708 0.354688 0.50625
6 6 0.745313 0.322917 0.509375 0.645833
7 0 0.345313 0.85 0.409375 0.295833
7 8 0.819531 0.857292 0.354688 0.277083
7 4 0.347656 0.41875 0.357812 0.508333
7 6 0.745313 0.322917 0.509375 0.645833
8 0 0.34375 0.851042 0.4125 0.29375
8 8 0.819531 0.857292 0.357812 0.277083
8 4 0.346094 0.41875 0.348437 0.504167
8 6 0.744531 0.319792 0.510938 0.639583
9 0 0.309375 0.886458 0.428125 0.222917
9 1 0.747656 0.325 0.495313 0.625
10 0 0.294531 0.888542 0.442187 0.21875
10 9 0.817969 0.859375 0.364062 0.28125
10 4 0.346094 0.41875 0.357812 0.508333
10 6 0.746875 0.320833 0.50625 0.641667
0 0 0.317969 0.808333 0.385938 0.383333
0 4 0.321875 0.807292 0.38125 0.38125
0 4 0.348437 0.419792 0.35625 0.50625
0 6 0.747656 0.320833 0.504687 0.641667
0 0 0.347656 0.821875 0.407813 0.352083
0 4 0.347656 0.420833 0.354688 0.516667
0 6 0.747656 0.319792 0.504687 0.639583
1 0 0.857031 0.772917 0.285937 0.454167
1 0 0.346094 0.821875 0.401563 0.352083
1 4 0.348437 0.41875 0.353125 0.5125
1 6 0.746875 0.31875 0.50625 0.6375
2 0 0.347656 0.821875 0.407813 0.352083
2 4 0.349219 0.41875 0.354688 0.516667
2 6 0.747656 0.320833 0.504687 0.641667
3 0 0.345313 0.821875 0.403125 0.352083
3 4 0.348437 0.41875 0.353125 0.5125
3 6 0.746875 0.321875 0.50625 0.64375
3 9 0.876562 0.81875 0.246875 0.3625
4 0 0.865625 0.311458 0.26875 0.439583
4 0 0.885938 0.7375 0.228125 0.525
4 0 0.346094 0.822917 0.401563 0.35
4 0 0.352344 0.445833 0.373437 0.4625
0 0 0.302344 0.835417 0.420312 0.320833
0 6 0.7375 0.310417 0.509375 0.620833
1 0 0.307031 0.838542 0.414062 0.31875
1 4 0.275781 0.377083 0.382812 0.504167
1 6 0.739062 0.310417 0.51875 0.620833
2 0 0.271094 0.801042 0.395312 0.39375
2 4 0.278906 0.372917 0.379687 0.5
2 6 0.739844 0.311458 0.517187 0.622917
0 0 0.275 0.802083 0.396875 0.391667
0 4 0.28125 0.375 0.378125 0.5
0 6 0.741406 0.311458 0.514063 0.622917
0 0 0.273438 0.803125 0.390625 0.389583
0 4 0.282031 0.377083 0.373437 0.5
0 9 0.81875 0.827083 0.3625 0.341667
0 6 0.741406 0.3125 0.514063 0.625
0 0 0.273438 0.801042 0.390625 0.39375
0 4 0.279687 0.373958 0.375 0.497917
0 9 0.817187 0.823958 0.3625 0.347917
0 6 0.741406 0.309375 0.514063 0.61875
0 0 0.275 0.8 0.39375 0.395833
0 4 0.283594 0.371875 0.379687 0.497917
0 9 0.819531 0.826042 0.360938 0.34375
0 6 0.742969 0.310417 0.514063 0.620833
0 0 0.277344 0.802083 0.395312 0.391667
0 4 0.285937 0.371875 0.38125 0.497917
0 6 0.744531 0.309375 0.510938 0.61875
1 0 0.275 0.802083 0.39375 0.391667
1 0 0.880469 0.741667 0.239063 0.516667
1 4 0.284375 0.373958 0.378125 0.497917
1 6 0.741406 0.308333 0.510938 0.616667
2 0 0.275781 0.802083 0.395312 0.391667
2 4 0.285937 0.371875 0.38125 0.50625
2 6 0.744531 0.310417 0.510938 0.620833
3 0 0.273438 0.802083 0.390625 0.391667
3 4 0.283594 0.373958 0.379687 0.497917
3 9 0.866406 0.775 0.267188 0.45
3 6 0.744531 0.308333 0.510938 0.616667
4 0 0.882812 0.751042 0.234375 0.49375
4 0 0.270312 0.802083 0.384375 0.391667
4 0 0.81875 0.340625 0.3625 0.464583
4 0 0.3375 0.375 0.34375 0.466667
